1  -10  5  
2  -10  5  
3  -10  5  
4  -10  5  
5  -10  5  
6  -10  5  
7  -10  5  
8  -10  5  
9  -10  5  
10  -10  5  
11  -10  5  
12  -10  5  
13  -10  5  
14  -10  5  
15  -10  5  
16  -10  5  
17  -10  5  
18  -10  5  
19  -10  5  
20  -10  5  
21  -10  5  
22  -10  5  
23  -10  5  
24  -10  5  
25  -10  5  
26  -10  15  
27  -10  15  
28  -10  15  
29  -10  15  
30  -10  15  
31  -10  15  
32  -10  15  
33  -10  15  
34  -10  15  
35  -10  15  
36  -10  15  
37  -10  15  
38  -10  15  
39  -10  15  
40  -10  15  
41  -10  15  
42  -10  15  
43  -10  15  
44  -10  15  
45  -10  15  
46  -10  15  
47  -10  15  
48  -10  15  
49  -10  15  
50  -10  15  
